A_lon =

   -0.206704908018482    0.499894768726905   -1.222172119005100   -9.797687451378192    0.0
   -0.560943670878826   -4.463810694160964   24.370743765141796   -0.491345698007564    0.0
    0.200302751915152   -3.994140405061303   -5.298083927931972    0.000000000000000    0.0
    0.000000000000000    0.000000000000000    0.999999986266217    0.000000000000000    0.0
    0.050086208430672   -0.998744884502314    0.000000000000000   24.999999998683553    0.0


B_lon =

   -0.138151544158121    8.136851171776501
   -2.586196677242180    0.000000000000000
  -36.123797081515463    0.000000000000000
    0.000000000000000    0.000000000000000
    0.000000000000000    0.000000000000000

A_lat =

   -0.776772500000107    1.252155227934076  -24.968622454696160    9.797687316837637    0.0
   -3.874776743693480  -23.131074528816853   10.943808359477474    0.000000000000000    0.0
    0.784998651652614   -3.016183587454776   -1.233493796184006    0.000000000000000    0.0
    0.000000000000000    1.000000000000000    0.050149150030709    0.000000000000000    0.0
    0.000000000000000    0.000000000000000    1.001256665286797    0.000000000000000    0.0
    
B_lat =

     1.486171874999986     3.764968749999976
   131.139987308939595    -1.787707918762204
     4.993459729717317   -24.917963125498236
     0.000000000000000     0.000000000000000
     0.000000000000000     0.000000000000000
     
T_phi_delta_a =
 
      131.1
  -------------
  s^2 + 23.13 s
  
  
  

T_chi_phi =
 
  0.3924
  ------
    s
    
    
T_theta_delta_e =
 
         -36.12                    
  ---------------------
  s^2 + 5.298 s + 99.98
  
  
T_h_theta =
 
  25
  --
  s



T_h_Va =
 
  0.05011                         0         theta = 0 so trim is wrong
  -------                        ---
     s                            1


T_Va_delta_t =
 
    8.137                       OFF by x10
  ----------
  s + 0.2817                  OFF by x10
  
  
 
T_Va_theta =
 
    -9.81
  ----------
  s + 0.2817                  OFF by x10
  
  

T_v_delta_r =  T_beta_delta_r?
 
    3.765                          OFF 
  ----------
  s + 0.7768
 

